10|20200803153250|121178943834|465
202007|2|1|1|336000000|100000002|苏宁易购集团股份有限公司
202007|2|1|2|278544642|100000002|苏宁易购集团股份有限公司
202007|2|1|3|1875639|100000002|苏宁易购集团股份有限公司
202007|2|1|4|1332797|100000002|苏宁易购集团股份有限公司
202007|2|1|5|275336206|100000002|苏宁易购集团股份有限公司
202007|2|2|1|432000000|100000002|苏宁易购集团股份有限公司
202007|2|2|2|402639617|100000002|苏宁易购集团股份有限公司
202007|2|2|3|2533188|100000002|苏宁易购集团股份有限公司
202007|2|2|4|2241574|100000002|苏宁易购集团股份有限公司
202007|2|2|5|397864855|100000002|苏宁易购集团股份有限公司
202007|2|3|1|432000000|100000002|苏宁易购集团股份有限公司
202007|2|3|2|420264877|100000002|苏宁易购集团股份有限公司
202007|2|3|3|5405851|100000002|苏宁易购集团股份有限公司
202007|2|3|4|1738291|100000002|苏宁易购集团股份有限公司
202007|2|3|5|413120735|100000002|苏宁易购集团股份有限公司
202007|2|1|1|744000000|100000006|天音通信有限公司
202007|2|1|2|26785538|100000006|天音通信有限公司
202007|2|1|3|4958942|100000006|天音通信有限公司
202007|2|1|4|3963360|100000006|天音通信有限公司
202007|2|1|5|17863236|100000006|天音通信有限公司
202007|2|2|1|1200000000|100000006|天音通信有限公司
202007|2|2|2|422890012|100000006|天音通信有限公司
202007|2|2|3|3573599|100000006|天音通信有限公司
202007|2|2|4|4578682|100000006|天音通信有限公司
202007|2|2|5|414737731|100000006|天音通信有限公司
202007|2|3|1|1200000000|100000006|天音通信有限公司
202007|2|3|2|913310114|100000006|天音通信有限公司
202007|2|3|3|5251776|100000006|天音通信有限公司
202007|2|3|4|6752379|100000006|天音通信有限公司
202007|2|3|5|901305959|100000006|天音通信有限公司
202007|2|4|1|1200000000|100000006|天音通信有限公司
202007|2|4|2|1075469155|100000006|天音通信有限公司
202007|2|4|3|5081382|100000006|天音通信有限公司
202007|2|4|4|5669657|100000006|天音通信有限公司
202007|2|4|5|1064718116|100000006|天音通信有限公司
202007|2|5|1|456000000|100000006|天音通信有限公司
202007|2|5|2|375126013|100000006|天音通信有限公司
202007|2|5|3|2721325|100000006|天音通信有限公司
202007|2|5|4|2260220|100000006|天音通信有限公司
202007|2|5|5|370144468|100000006|天音通信有限公司
202007|2|6|1|408000000|100000006|天音通信有限公司
202007|2|6|2|367255413|100000006|天音通信有限公司
202007|2|6|3|4449095|100000006|天音通信有限公司
202007|2|6|4|5160663|100000006|天音通信有限公司
202007|2|6|5|357645655|100000006|天音通信有限公司
202007|2|7|1|960000000|100000006|天音通信有限公司
202007|2|7|2|914420510|100000006|天音通信有限公司
202007|2|7|3|7847531|100000006|天音通信有限公司
202007|2|7|4|12491692|100000006|天音通信有限公司
202007|2|7|5|894081287|100000006|天音通信有限公司
202007|2|8|1|1080000000|100000006|天音通信有限公司
202007|2|8|2|1080000000|100000006|天音通信有限公司
202007|2|8|3|1658144|100000006|天音通信有限公司
202007|2|8|4|2466872|100000006|天音通信有限公司
202007|2|8|5|1075874984|100000006|天音通信有限公司
202007|2|1|1|480000000|100000008|阿里巴巴云计算（北京）有限公司
202007|2|1|2|480000000|100000008|阿里巴巴云计算（北京）有限公司
202007|2|1|3|0|100000008|阿里巴巴云计算（北京）有限公司
202007|2|1|4|0|100000008|阿里巴巴云计算（北京）有限公司
202007|2|1|5|480000000|100000008|阿里巴巴云计算（北京）有限公司
202007|2|1|1|240000000|100000009|北京京东叁佰陆拾度电子商务有限公司
202007|2|1|2|95006542|100000009|北京京东叁佰陆拾度电子商务有限公司
202007|2|1|3|3796050|100000009|北京京东叁佰陆拾度电子商务有限公司
202007|2|1|4|15131892|100000009|北京京东叁佰陆拾度电子商务有限公司
202007|2|1|5|76078600|100000009|北京京东叁佰陆拾度电子商务有限公司
202007|2|2|1|288000000|100000009|北京京东叁佰陆拾度电子商务有限公司
202007|2|2|2|253606606|100000009|北京京东叁佰陆拾度电子商务有限公司
202007|2|2|3|5403632|100000009|北京京东叁佰陆拾度电子商务有限公司
202007|2|2|4|14157684|100000009|北京京东叁佰陆拾度电子商务有限公司
202007|2|2|5|234045290|100000009|北京京东叁佰陆拾度电子商务有限公司
202007|2|1|1|912000000|100000016|民生通讯（深圳）有限公司
202007|2|1|2|0|100000016|民生通讯（深圳）有限公司
202007|2|1|3|5248047|100000016|民生通讯（深圳）有限公司
202007|2|1|4|4861462|100000016|民生通讯（深圳）有限公司
202007|2|1|5|0|100000016|民生通讯（深圳）有限公司
202007|2|2|1|1200000000|100000016|民生通讯（深圳）有限公司
202007|2|2|2|187773045|100000016|民生通讯（深圳）有限公司
202007|2|2|3|39245159|100000016|民生通讯（深圳）有限公司
202007|2|2|4|82488807|100000016|民生通讯（深圳）有限公司
202007|2|2|5|66039079|100000016|民生通讯（深圳）有限公司
202007|2|3|1|360000000|100000016|民生通讯（深圳）有限公司
202007|2|3|2|0|100000016|民生通讯（深圳）有限公司
202007|2|3|3|1895689|100000016|民生通讯（深圳）有限公司
202007|2|3|4|1755285|100000016|民生通讯（深圳）有限公司
202007|2|3|5|0|100000016|民生通讯（深圳）有限公司
202007|2|4|1|120000000|100000016|民生通讯（深圳）有限公司
202007|2|4|2|97974660|100000016|民生通讯（深圳）有限公司
202007|2|4|3|1847242|100000016|民生通讯（深圳）有限公司
202007|2|4|4|6312177|100000016|民生通讯（深圳）有限公司
202007|2|4|5|89815241|100000016|民生通讯（深圳）有限公司
202007|2|5|1|1128000000|100000016|民生通讯（深圳）有限公司
202007|2|5|2|882098359|100000016|民生通讯（深圳）有限公司
202007|2|5|3|98663957|100000016|民生通讯（深圳）有限公司
202007|2|5|4|17864609|100000016|民生通讯（深圳）有限公司
202007|2|5|5|765569793|100000016|民生通讯（深圳）有限公司
202007|2|6|1|1200000000|100000016|民生通讯（深圳）有限公司
202007|2|6|2|1081112568|100000016|民生通讯（深圳）有限公司
202007|2|6|3|31000979|100000016|民生通讯（深圳）有限公司
202007|2|6|4|13356707|100000016|民生通讯（深圳）有限公司
202007|2|6|5|1036754882|100000016|民生通讯（深圳）有限公司
202007|2|1|1|240000000|100000018|深圳星美圣典文化传媒集团有限公司
202007|2|1|2|0|100000018|深圳星美圣典文化传媒集团有限公司
202007|2|1|3|17467951|100000018|深圳星美圣典文化传媒集团有限公司
202007|2|1|4|2477954|100000018|深圳星美圣典文化传媒集团有限公司
202007|2|1|5|0|100000018|深圳星美圣典文化传媒集团有限公司
202007|2|2|1|348000000|100000018|深圳星美圣典文化传媒集团有限公司
202007|2|2|2|0|100000018|深圳星美圣典文化传媒集团有限公司
202007|2|2|3|3433893|100000018|深圳星美圣典文化传媒集团有限公司
202007|2|2|4|1028107|100000018|深圳星美圣典文化传媒集团有限公司
202007|2|2|5|0|100000018|深圳星美圣典文化传媒集团有限公司
202007|2|3|1|888000000|100000018|深圳星美圣典文化传媒集团有限公司
202007|2|3|2|8739669|100000018|深圳星美圣典文化传媒集团有限公司
202007|2|3|3|11214848|100000018|深圳星美圣典文化传媒集团有限公司
202007|2|3|4|3323938|100000018|深圳星美圣典文化传媒集团有限公司
202007|2|3|5|0|100000018|深圳星美圣典文化传媒集团有限公司
202007|2|4|1|1200000000|100000018|深圳星美圣典文化传媒集团有限公司
202007|2|4|2|0|100000018|深圳星美圣典文化传媒集团有限公司
202007|2|4|3|0|100000018|深圳星美圣典文化传媒集团有限公司
202007|2|4|4|0|100000018|深圳星美圣典文化传媒集团有限公司
202007|2|4|5|0|100000018|深圳星美圣典文化传媒集团有限公司
202007|2|5|1|1200000000|100000018|深圳星美圣典文化传媒集团有限公司
202007|2|5|2|1067827047|100000018|深圳星美圣典文化传媒集团有限公司
202007|2|5|3|11667711|100000018|深圳星美圣典文化传媒集团有限公司
202007|2|5|4|3334306|100000018|深圳星美圣典文化传媒集团有限公司
202007|2|5|5|1052825030|100000018|深圳星美圣典文化传媒集团有限公司
202007|2|6|1|624000000|100000018|深圳星美圣典文化传媒集团有限公司
202007|2|6|2|517372303|100000018|深圳星美圣典文化传媒集团有限公司
202007|2|6|3|5192029|100000018|深圳星美圣典文化传媒集团有限公司
202007|2|6|4|6224766|100000018|深圳星美圣典文化传媒集团有限公司
202007|2|6|5|505955508|100000018|深圳星美圣典文化传媒集团有限公司
202007|2|1|1|252000000|100000019|青岛日日顺网络科技有限公司
202007|2|1|2|0|100000019|青岛日日顺网络科技有限公司
202007|2|1|3|1190501|100000019|青岛日日顺网络科技有限公司
202007|2|1|4|11198001|100000019|青岛日日顺网络科技有限公司
202007|2|1|5|0|100000019|青岛日日顺网络科技有限公司
202007|2|2|1|360000000|100000019|青岛日日顺网络科技有限公司
202007|2|2|2|288949542|100000019|青岛日日顺网络科技有限公司
202007|2|2|3|12869168|100000019|青岛日日顺网络科技有限公司
202007|2|2|4|73171160|100000019|青岛日日顺网络科技有限公司
202007|2|2|5|202909214|100000019|青岛日日顺网络科技有限公司
202007|2|1|1|636000000|100000020|海南海航信息技术有限公司
202007|2|1|2|0|100000020|海南海航信息技术有限公司
202007|2|1|3|3042340|100000020|海南海航信息技术有限公司
202007|2|1|4|4038207|100000020|海南海航信息技术有限公司
202007|2|1|5|0|100000020|海南海航信息技术有限公司
202007|2|2|1|1200000000|100000020|海南海航信息技术有限公司
202007|2|2|2|0|100000020|海南海航信息技术有限公司
202007|2|2|3|0|100000020|海南海航信息技术有限公司
202007|2|2|4|0|100000020|海南海航信息技术有限公司
202007|2|2|5|0|100000020|海南海航信息技术有限公司
202007|2|3|1|360000000|100000020|海南海航信息技术有限公司
202007|2|3|2|0|100000020|海南海航信息技术有限公司
202007|2|3|3|1316814|100000020|海南海航信息技术有限公司
202007|2|3|4|1183640|100000020|海南海航信息技术有限公司
202007|2|3|5|0|100000020|海南海航信息技术有限公司
202007|2|1|1|252000000|100000021|青岛丰信通信有限公司
202007|2|1|2|0|100000021|青岛丰信通信有限公司
202007|2|1|3|12799183|100000021|青岛丰信通信有限公司
202007|2|1|4|84968954|100000021|青岛丰信通信有限公司
202007|2|1|5|0|100000021|青岛丰信通信有限公司
202007|2|2|1|600000000|100000021|青岛丰信通信有限公司
202007|2|2|2|0|100000021|青岛丰信通信有限公司
202007|2|2|3|9074890|100000021|青岛丰信通信有限公司
202007|2|2|4|477686198|100000021|青岛丰信通信有限公司
202007|2|2|5|0|100000021|青岛丰信通信有限公司
202007|2|3|1|456000000|100000021|青岛丰信通信有限公司
202007|2|3|2|0|100000021|青岛丰信通信有限公司
202007|2|3|3|25360624|100000021|青岛丰信通信有限公司
202007|2|3|4|190002823|100000021|青岛丰信通信有限公司
202007|2|3|5|0|100000021|青岛丰信通信有限公司
202007|2|4|1|624000000|100000021|青岛丰信通信有限公司
202007|2|4|2|624000000|100000021|青岛丰信通信有限公司
202007|2|4|3|0|100000021|青岛丰信通信有限公司
202007|2|4|4|0|100000021|青岛丰信通信有限公司
202007|2|4|5|624000000|100000021|青岛丰信通信有限公司
202007|2|1|1|240000000|100000022|深圳联想懂的通信有限公司
202007|2|1|2|235367765|100000022|深圳联想懂的通信有限公司
202007|2|1|3|1412478|100000022|深圳联想懂的通信有限公司
202007|2|1|4|1341432|100000022|深圳联想懂的通信有限公司
202007|2|1|5|232613855|100000022|深圳联想懂的通信有限公司
202007|2|1|1|252000000|100000023|凤凰资产管理有限公司
202007|2|1|2|216595519|100000023|凤凰资产管理有限公司
202007|2|1|3|13812053|100000023|凤凰资产管理有限公司
202007|2|1|4|2066131|100000023|凤凰资产管理有限公司
202007|2|1|5|200717335|100000023|凤凰资产管理有限公司
202007|2|1|1|252000000|100000025|小米科技有限责任公司
202007|2|1|2|88238010|100000025|小米科技有限责任公司
202007|2|1|3|6164119|100000025|小米科技有限责任公司
202007|2|1|4|45063729|100000025|小米科技有限责任公司
202007|2|1|5|37010162|100000025|小米科技有限责任公司
202007|2|2|1|660000000|100000025|小米科技有限责任公司
202007|2|2|2|396402250|100000025|小米科技有限责任公司
202007|2|2|3|7615681|100000025|小米科技有限责任公司
202007|2|2|4|34998392|100000025|小米科技有限责任公司
202007|2|2|5|353788177|100000025|小米科技有限责任公司
202007|2|3|1|1200000000|100000025|小米科技有限责任公司
202007|2|3|2|1200000000|100000025|小米科技有限责任公司
202007|2|3|3|0|100000025|小米科技有限责任公司
202007|2|3|4|0|100000025|小米科技有限责任公司
202007|2|3|5|1200000000|100000025|小米科技有限责任公司
202007|2|1|1|636000000|100000026|北京国美电器有限公司
202007|2|1|2|0|100000026|北京国美电器有限公司
202007|2|1|3|3155083|100000026|北京国美电器有限公司
202007|2|1|4|3301018|100000026|北京国美电器有限公司
202007|2|1|5|0|100000026|北京国美电器有限公司
202007|2|2|1|564000000|100000026|北京国美电器有限公司
202007|2|2|2|544781651|100000026|北京国美电器有限公司
202007|2|2|3|6293396|100000026|北京国美电器有限公司
202007|2|2|4|19526947|100000026|北京国美电器有限公司
202007|2|2|5|518961308|100000026|北京国美电器有限公司
202007|2|3|1|900000000|100000026|北京国美电器有限公司
202007|2|3|2|588495550|100000026|北京国美电器有限公司
202007|2|3|3|11937378|100000026|北京国美电器有限公司
202007|2|3|4|113592333|100000026|北京国美电器有限公司
202007|2|3|5|462965839|100000026|北京国美电器有限公司
202007|2|4|1|600000000|100000026|北京国美电器有限公司
202007|2|4|2|600000000|100000026|北京国美电器有限公司
202007|2|4|3|0|100000026|北京国美电器有限公司
202007|2|4|4|0|100000026|北京国美电器有限公司
202007|2|4|5|600000000|100000026|北京国美电器有限公司
202007|2|1|1|312000000|100000027|北京乐语通信科技有限公司
202007|2|1|2|0|100000027|北京乐语通信科技有限公司
202007|2|1|3|6411297|100000027|北京乐语通信科技有限公司
202007|2|1|4|1800585|100000027|北京乐语通信科技有限公司
202007|2|1|5|0|100000027|北京乐语通信科技有限公司
202007|2|2|1|468000000|100000027|北京乐语通信科技有限公司
202007|2|2|2|43588252|100000027|北京乐语通信科技有限公司
202007|2|2|3|66971306|100000027|北京乐语通信科技有限公司
202007|2|2|4|1671566|100000027|北京乐语通信科技有限公司
202007|2|2|5|0|100000027|北京乐语通信科技有限公司
202007|2|3|1|600000000|100000027|北京乐语通信科技有限公司
202007|2|3|2|170417212|100000027|北京乐语通信科技有限公司
202007|2|3|3|5466616|100000027|北京乐语通信科技有限公司
202007|2|3|4|1190805|100000027|北京乐语通信科技有限公司
202007|2|3|5|163759791|100000027|北京乐语通信科技有限公司
202007|2|1|1|384000000|100000028|北京迪信通通信服务有限公司
202007|2|1|2|22173605|100000028|北京迪信通通信服务有限公司
202007|2|1|3|2971250|100000028|北京迪信通通信服务有限公司
202007|2|1|4|22665148|100000028|北京迪信通通信服务有限公司
202007|2|1|5|0|100000028|北京迪信通通信服务有限公司
202007|2|2|1|816000000|100000028|北京迪信通通信服务有限公司
202007|2|2|2|326482716|100000028|北京迪信通通信服务有限公司
202007|2|2|3|16979812|100000028|北京迪信通通信服务有限公司
202007|2|2|4|91237514|100000028|北京迪信通通信服务有限公司
202007|2|2|5|218265390|100000028|北京迪信通通信服务有限公司
202007|2|3|1|156000000|100000028|北京迪信通通信服务有限公司
202007|2|3|2|0|100000028|北京迪信通通信服务有限公司
202007|2|3|3|564698|100000028|北京迪信通通信服务有限公司
202007|2|3|4|290314|100000028|北京迪信通通信服务有限公司
202007|2|3|5|0|100000028|北京迪信通通信服务有限公司
202007|2|4|1|204000000|100000028|北京迪信通通信服务有限公司
202007|2|4|2|0|100000028|北京迪信通通信服务有限公司
202007|2|4|3|6513218|100000028|北京迪信通通信服务有限公司
202007|2|4|4|234639|100000028|北京迪信通通信服务有限公司
202007|2|4|5|0|100000028|北京迪信通通信服务有限公司
202007|2|5|1|144000000|100000028|北京迪信通通信服务有限公司
202007|2|5|2|139247356|100000028|北京迪信通通信服务有限公司
202007|2|5|3|2460704|100000028|北京迪信通通信服务有限公司
202007|2|5|4|7862535|100000028|北京迪信通通信服务有限公司
202007|2|5|5|128924117|100000028|北京迪信通通信服务有限公司
202007|2|6|1|372000000|100000028|北京迪信通通信服务有限公司
202007|2|6|2|369473583|100000028|北京迪信通通信服务有限公司
202007|2|6|3|4043111|100000028|北京迪信通通信服务有限公司
202007|2|6|4|1191387|100000028|北京迪信通通信服务有限公司
202007|2|6|5|364239085|100000028|北京迪信通通信服务有限公司
202007|2|1|1|408000000|100000029|深圳市爱施德股份有限公司
202007|2|1|2|0|100000029|深圳市爱施德股份有限公司
202007|2|1|3|3161296|100000029|深圳市爱施德股份有限公司
202007|2|1|4|2876004|100000029|深圳市爱施德股份有限公司
202007|2|1|5|0|100000029|深圳市爱施德股份有限公司
202007|2|2|1|1200000000|100000029|深圳市爱施德股份有限公司
202007|2|2|2|630408167|100000029|深圳市爱施德股份有限公司
202007|2|2|3|7021449|100000029|深圳市爱施德股份有限公司
202007|2|2|4|10374308|100000029|深圳市爱施德股份有限公司
202007|2|2|5|613012410|100000029|深圳市爱施德股份有限公司
202007|2|3|1|792000000|100000029|深圳市爱施德股份有限公司
202007|2|3|2|671590605|100000029|深圳市爱施德股份有限公司
202007|2|3|3|3896585|100000029|深圳市爱施德股份有限公司
202007|2|3|4|4700241|100000029|深圳市爱施德股份有限公司
202007|2|3|5|662993779|100000029|深圳市爱施德股份有限公司
202007|2|1|1|252000000|100000030|话机世界通信集团股份有限公司
202007|2|1|2|39942706|100000030|话机世界通信集团股份有限公司
202007|2|1|3|2190198|100000030|话机世界通信集团股份有限公司
202007|2|1|4|5276828|100000030|话机世界通信集团股份有限公司
202007|2|1|5|32475680|100000030|话机世界通信集团股份有限公司
202007|2|2|1|1200000000|100000030|话机世界通信集团股份有限公司
202007|2|2|2|823399020|100000030|话机世界通信集团股份有限公司
202007|2|2|3|19660415|100000030|话机世界通信集团股份有限公司
202007|2|2|4|10444790|100000030|话机世界通信集团股份有限公司
202007|2|2|5|793293815|100000030|话机世界通信集团股份有限公司
202007|2|3|1|1200000000|100000030|话机世界通信集团股份有限公司
202007|2|3|2|1082325729|100000030|话机世界通信集团股份有限公司
202007|2|3|3|10489810|100000030|话机世界通信集团股份有限公司
202007|2|3|4|7043272|100000030|话机世界通信集团股份有限公司
202007|2|3|5|1064792647|100000030|话机世界通信集团股份有限公司
202007|2|4|1|132000000|100000030|话机世界通信集团股份有限公司
202007|2|4|2|132000000|100000030|话机世界通信集团股份有限公司
202007|2|4|3|0|100000030|话机世界通信集团股份有限公司
202007|2|4|4|0|100000030|话机世界通信集团股份有限公司
202007|2|4|5|132000000|100000030|话机世界通信集团股份有限公司
202007|2|1|1|252000000|100000031|贵阳朗玛信息技术股份有限公司
202007|2|1|2|0|100000031|贵阳朗玛信息技术股份有限公司
202007|2|1|3|24757821|100000031|贵阳朗玛信息技术股份有限公司
202007|2|1|4|2228467|100000031|贵阳朗玛信息技术股份有限公司
202007|2|1|5|0|100000031|贵阳朗玛信息技术股份有限公司
202007|2|2|1|840000000|100000031|贵阳朗玛信息技术股份有限公司
202007|2|2|2|174979089|100000031|贵阳朗玛信息技术股份有限公司
202007|2|2|3|56436136|100000031|贵阳朗玛信息技术股份有限公司
202007|2|2|4|4968552|100000031|贵阳朗玛信息技术股份有限公司
202007|2|2|5|113574401|100000031|贵阳朗玛信息技术股份有限公司
202007|2|3|1|1092000000|100000031|贵阳朗玛信息技术股份有限公司
202007|2|3|2|780640286|100000031|贵阳朗玛信息技术股份有限公司
202007|2|3|3|150017529|100000031|贵阳朗玛信息技术股份有限公司
202007|2|3|4|26230007|100000031|贵阳朗玛信息技术股份有限公司
202007|2|3|5|604392750|100000031|贵阳朗玛信息技术股份有限公司
202007|2|1|1|252000000|100000032|浙江连连科技有限公司
202007|2|1|2|0|100000032|浙江连连科技有限公司
202007|2|1|3|21787428|100000032|浙江连连科技有限公司
202007|2|1|4|11743917|100000032|浙江连连科技有限公司
202007|2|1|5|0|100000032|浙江连连科技有限公司
202007|2|2|1|480000000|100000032|浙江连连科技有限公司
202007|2|2|2|89333557|100000032|浙江连连科技有限公司
202007|2|2|3|4410985|100000032|浙江连连科技有限公司
202007|2|2|4|2186842|100000032|浙江连连科技有限公司
202007|2|2|5|82735730|100000032|浙江连连科技有限公司
202007|2|3|1|360000000|100000032|浙江连连科技有限公司
202007|2|3|2|0|100000032|浙江连连科技有限公司
202007|2|3|3|7614017|100000032|浙江连连科技有限公司
202007|2|3|4|3869194|100000032|浙江连连科技有限公司
202007|2|3|5|0|100000032|浙江连连科技有限公司
202007|2|4|1|420000000|100000032|浙江连连科技有限公司
202007|2|4|2|296902206|100000032|浙江连连科技有限公司
202007|2|4|3|12145405|100000032|浙江连连科技有限公司
202007|2|4|4|1545370|100000032|浙江连连科技有限公司
202007|2|4|5|283211431|100000032|浙江连连科技有限公司
202007|2|5|1|1200000000|100000032|浙江连连科技有限公司
202007|2|5|2|1097641852|100000032|浙江连连科技有限公司
202007|2|5|3|26763522|100000032|浙江连连科技有限公司
202007|2|5|4|1088960|100000032|浙江连连科技有限公司
202007|2|5|5|1069789370|100000032|浙江连连科技有限公司
202007|2|1|1|300000000|100000033|用友移动通信技术服务有限公司
202007|2|1|2|0|100000033|用友移动通信技术服务有限公司
202007|2|1|3|1733924|100000033|用友移动通信技术服务有限公司
202007|2|1|4|736364|100000033|用友移动通信技术服务有限公司
202007|2|1|5|0|100000033|用友移动通信技术服务有限公司
202007|2|2|1|264000000|100000033|用友移动通信技术服务有限公司
202007|2|2|2|258526518|100000033|用友移动通信技术服务有限公司
202007|2|2|3|1982446|100000033|用友移动通信技术服务有限公司
202007|2|2|4|329216|100000033|用友移动通信技术服务有限公司
202007|2|2|5|256214856|100000033|用友移动通信技术服务有限公司
202007|2|3|1|348000000|100000033|用友移动通信技术服务有限公司
202007|2|3|2|346686406|100000033|用友移动通信技术服务有限公司
202007|2|3|3|48440375|100000033|用友移动通信技术服务有限公司
202007|2|3|4|2622035|100000033|用友移动通信技术服务有限公司
202007|2|3|5|295623996|100000033|用友移动通信技术服务有限公司
202007|2|1|1|564000000|100000034|分享通信集团有限公司
202007|2|1|2|0|100000034|分享通信集团有限公司
202007|2|1|3|26615577|100000034|分享通信集团有限公司
202007|2|1|4|24688539|100000034|分享通信集团有限公司
202007|2|1|5|0|100000034|分享通信集团有限公司
202007|2|2|1|984000000|100000034|分享通信集团有限公司
202007|2|2|2|522329723|100000034|分享通信集团有限公司
202007|2|2|3|9964883|100000034|分享通信集团有限公司
202007|2|2|4|18987644|100000034|分享通信集团有限公司
202007|2|2|5|493377196|100000034|分享通信集团有限公司
202007|2|3|1|600000000|100000034|分享通信集团有限公司
202007|2|3|2|0|100000034|分享通信集团有限公司
202007|2|3|3|3412485|100000034|分享通信集团有限公司
202007|2|3|4|4718519|100000034|分享通信集团有限公司
202007|2|3|5|0|100000034|分享通信集团有限公司
202007|2|4|1|588000000|100000034|分享通信集团有限公司
202007|2|4|2|540895835|100000034|分享通信集团有限公司
202007|2|4|3|1394829|100000034|分享通信集团有限公司
202007|2|4|4|49815237|100000034|分享通信集团有限公司
202007|2|4|5|489685769|100000034|分享通信集团有限公司
202007|2|1|1|732000000|100000035|厦门三五互联科技股份有限公司
202007|2|1|2|0|100000035|厦门三五互联科技股份有限公司
202007|2|1|3|61062340|100000035|厦门三五互联科技股份有限公司
202007|2|1|4|6412040|100000035|厦门三五互联科技股份有限公司
202007|2|1|5|0|100000035|厦门三五互联科技股份有限公司
202007|2|2|1|480000000|100000035|厦门三五互联科技股份有限公司
202007|2|2|2|336672144|100000035|厦门三五互联科技股份有限公司
202007|2|2|3|15344034|100000035|厦门三五互联科技股份有限公司
202007|2|2|4|6920181|100000035|厦门三五互联科技股份有限公司
202007|2|2|5|314407929|100000035|厦门三五互联科技股份有限公司
202007|2|3|1|1080000000|100000035|厦门三五互联科技股份有限公司
202007|2|3|2|0|100000035|厦门三五互联科技股份有限公司
202007|2|3|3|30965963|100000035|厦门三五互联科技股份有限公司
202007|2|3|4|4967699|100000035|厦门三五互联科技股份有限公司
202007|2|3|5|0|100000035|厦门三五互联科技股份有限公司
202007|2|1|1|276000000|100000036|长江时代通信股份有限公司
202007|2|1|2|0|100000036|长江时代通信股份有限公司
202007|2|1|3|13082891|100000036|长江时代通信股份有限公司
202007|2|1|4|2387978|100000036|长江时代通信股份有限公司
202007|2|1|5|0|100000036|长江时代通信股份有限公司
202007|2|2|1|504000000|100000036|长江时代通信股份有限公司
202007|2|2|2|0|100000036|长江时代通信股份有限公司
202007|2|2|3|17256594|100000036|长江时代通信股份有限公司
202007|2|2|4|2981260|100000036|长江时代通信股份有限公司
202007|2|2|5|0|100000036|长江时代通信股份有限公司
202007|2|3|1|852000000|100000036|长江时代通信股份有限公司
202007|2|3|2|0|100000036|长江时代通信股份有限公司
202007|2|3|3|13249552|100000036|长江时代通信股份有限公司
202007|2|3|4|23645778|100000036|长江时代通信股份有限公司
202007|2|3|5|0|100000036|长江时代通信股份有限公司
202007|2|4|1|1200000000|100000036|长江时代通信股份有限公司
202007|2|4|2|1193146168|100000036|长江时代通信股份有限公司
202007|2|4|3|43696911|100000036|长江时代通信股份有限公司
202007|2|4|4|369985776|100000036|长江时代通信股份有限公司
202007|2|4|5|779463481|100000036|长江时代通信股份有限公司
202007|2|5|1|540000000|100000036|长江时代通信股份有限公司
202007|2|5|2|540000000|100000036|长江时代通信股份有限公司
202007|2|5|3|36544|100000036|长江时代通信股份有限公司
202007|2|5|4|139179578|100000036|长江时代通信股份有限公司
202007|2|5|5|400783878|100000036|长江时代通信股份有限公司
202007|2|1|1|888000000|100000037|苏州蜗牛数字科技股份有限公司
202007|2|1|2|0|100000037|苏州蜗牛数字科技股份有限公司
202007|2|1|3|0|100000037|苏州蜗牛数字科技股份有限公司
202007|2|1|4|0|100000037|苏州蜗牛数字科技股份有限公司
202007|2|1|5|0|100000037|苏州蜗牛数字科技股份有限公司
202007|2|2|1|744000000|100000037|苏州蜗牛数字科技股份有限公司
202007|2|2|2|0|100000037|苏州蜗牛数字科技股份有限公司
202007|2|2|3|0|100000037|苏州蜗牛数字科技股份有限公司
202007|2|2|4|0|100000037|苏州蜗牛数字科技股份有限公司
202007|2|2|5|0|100000037|苏州蜗牛数字科技股份有限公司
202007|2|3|1|1200000000|100000037|苏州蜗牛数字科技股份有限公司
202007|2|3|2|1099391326|100000037|苏州蜗牛数字科技股份有限公司
202007|2|3|3|5186150|100000037|苏州蜗牛数字科技股份有限公司
202007|2|3|4|9500821|100000037|苏州蜗牛数字科技股份有限公司
202007|2|3|5|1084704355|100000037|苏州蜗牛数字科技股份有限公司
202007|2|4|1|1200000000|100000037|苏州蜗牛数字科技股份有限公司
202007|2|4|2|1148882163|100000037|苏州蜗牛数字科技股份有限公司
202007|2|4|3|5790851|100000037|苏州蜗牛数字科技股份有限公司
202007|2|4|4|6075963|100000037|苏州蜗牛数字科技股份有限公司
202007|2|4|5|1137015349|100000037|苏州蜗牛数字科技股份有限公司
202007|2|5|1|1200000000|100000037|苏州蜗牛数字科技股份有限公司
202007|2|5|2|924872450|100000037|苏州蜗牛数字科技股份有限公司
202007|2|5|3|3839714|100000037|苏州蜗牛数字科技股份有限公司
202007|2|5|4|3232635|100000037|苏州蜗牛数字科技股份有限公司
202007|2|5|5|917800101|100000037|苏州蜗牛数字科技股份有限公司
202007|2|6|1|240000000|100000037|苏州蜗牛数字科技股份有限公司
202007|2|6|2|231319721|100000037|苏州蜗牛数字科技股份有限公司
202007|2|6|3|704689|100000037|苏州蜗牛数字科技股份有限公司
202007|2|6|4|864123|100000037|苏州蜗牛数字科技股份有限公司
202007|2|6|5|229750909|100000037|苏州蜗牛数字科技股份有限公司
202007|2|7|1|120000000|100000037|苏州蜗牛数字科技股份有限公司
202007|2|7|2|118563211|100000037|苏州蜗牛数字科技股份有限公司
202007|2|7|3|534587|100000037|苏州蜗牛数字科技股份有限公司
202007|2|7|4|1037096|100000037|苏州蜗牛数字科技股份有限公司
202007|2|7|5|116991528|100000037|苏州蜗牛数字科技股份有限公司
202007|2|1|1|372000000|100000038|北京北纬通信科技股份有限公司
202007|2|1|2|75191258|100000038|北京北纬通信科技股份有限公司
202007|2|1|3|7126947|100000038|北京北纬通信科技股份有限公司
202007|2|1|4|4047192|100000038|北京北纬通信科技股份有限公司
202007|2|1|5|64017119|100000038|北京北纬通信科技股份有限公司
202007|2|2|1|348000000|100000038|北京北纬通信科技股份有限公司
202007|2|2|2|266661108|100000038|北京北纬通信科技股份有限公司
202007|2|2|3|49663848|100000038|北京北纬通信科技股份有限公司
202007|2|2|4|4647853|100000038|北京北纬通信科技股份有限公司
202007|2|2|5|212349407|100000038|北京北纬通信科技股份有限公司
202007|2|3|1|480000000|100000038|北京北纬通信科技股份有限公司
202007|2|3|2|468454172|100000038|北京北纬通信科技股份有限公司
202007|2|3|3|19055352|100000038|北京北纬通信科技股份有限公司
202007|2|3|4|2673705|100000038|北京北纬通信科技股份有限公司
202007|2|3|5|446725115|100000038|北京北纬通信科技股份有限公司
